# DP, Depth distribution
# DP	[2]id	[3]bin	[4]number of genotypes	[5]fraction of genotypes (%)	[6]number of sites	[7]fraction of sites (%)
DP	0	0	370500	1.013416	0	0.000000
DP	0	1	411974	1.126859	35058	0.474494
DP	0	2	294449	0.805397	29887	0.404507
DP	0	3	245100	0.670414	23152	0.313352
DP	0	4	280801	0.768066	18372	0.248656
DP	0	5	253239	0.692676	15877	0.214888
DP	0	6	248274	0.679096	13817	0.187007
DP	0	7	297014	0.812413	12392	0.167720
DP	0	8	300651	0.822361	11255	0.152331
DP	0	9	324265	0.886951	10677	0.144508
DP	0	10	418807	1.145549	9914	0.134181
DP	0	11	476918	1.304498	9499	0.128565
DP	0	12	537738	1.470857	9258	0.125303
DP	0	13	617361	1.688647	8668	0.117317
DP	0	14	865330	2.366908	8570	0.115991
DP	0	15	1079925	2.953883	8389	0.113541
DP	0	16	1215216	3.323940	8219	0.111240
DP	0	17	1345494	3.680285	7918	0.107166
DP	0	18	1475331	4.035424	7817	0.105799
DP	0	19	1539605	4.211230	7701	0.104229
DP	0	20	1923914	5.262418	7470	0.101103
DP	0	21	2264051	6.192784	7332	0.099235
DP	0	22	2269413	6.207450	7310	0.098937
DP	0	23	2144251	5.865099	7273	0.098437
DP	0	24	1975859	5.404502	7214	0.097638
DP	0	25	1731265	4.735472	7288	0.098640
DP	0	26	1537499	4.205470	7077	0.095784
DP	0	27	1573291	4.303371	6797	0.091994
DP	0	28	1617304	4.423758	6674	0.090329
DP	0	29	1447205	3.958492	6806	0.092116
DP	0	30	1167252	3.192746	6722	0.090979
DP	0	31	896408	2.451915	6554	0.088705
DP	0	32	641993	1.756022	6711	0.090830
DP	0	33	485096	1.326867	6658	0.090113
DP	0	34	377695	1.033097	6843	0.092617
DP	0	35	292371	0.799713	6788	0.091872
DP	0	36	225220	0.616037	6748	0.091331
DP	0	37	171950	0.470329	6671	0.090289
DP	0	38	133015	0.363832	6820	0.092306
DP	0	39	104379	0.285504	6737	0.091182
DP	0	40	82661	0.226100	6678	0.090384
DP	0	41	65677	0.179644	6750	0.091358
DP	0	42	54018	0.147754	6871	0.092996
DP	0	43	45088	0.123328	7043	0.095324
DP	0	44	38234	0.104580	7048	0.095391
DP	0	45	33300	0.091084	6951	0.094079
DP	0	46	29587	0.080928	7210	0.097584
DP	0	47	26489	0.072454	7320	0.099073
DP	0	48	24081	0.065868	7390	0.100020
DP	0	49	22196	0.060712	7410	0.100291
DP	0	50	20077	0.054916	7812	0.105732
DP	0	51	18976	0.051904	8099	0.109616
DP	0	52	17595	0.048127	8470	0.114638
DP	0	53	16771	0.045873	8695	0.117683
DP	0	54	15704	0.042955	8849	0.119767
DP	0	55	14780	0.040427	9159	0.123963
DP	0	56	14092	0.038545	9498	0.128551
DP	0	57	13463	0.036825	9740	0.131826
DP	0	58	12745	0.034861	10157	0.137470
DP	0	59	12160	0.033261	10550	0.142789
DP	0	60	11713	0.032038	10991	0.148758
DP	0	61	11447	0.031311	11322	0.153238
DP	0	62	11040	0.030197	12165	0.164648
DP	0	63	10507	0.028739	12733	0.172335
DP	0	64	10091	0.027602	13327	0.180375
DP	0	65	9929	0.027158	13769	0.186357
DP	0	66	9426	0.025783	14226	0.192542
DP	0	67	8965	0.024522	15163	0.205224
DP	0	68	8797	0.024062	15991	0.216431
DP	0	69	8494	0.023233	16893	0.228639
DP	0	70	8222	0.022489	17831	0.241334
DP	0	71	7946	0.021734	18548	0.251039
DP	0	72	7568	0.020700	19515	0.264126
DP	0	73	7452	0.020383	20374	0.275753
DP	0	74	7049	0.019281	21530	0.291399
DP	0	75	6890	0.018846	22451	0.303864
DP	0	76	6701	0.018329	23767	0.321675
DP	0	77	6317	0.017279	24918	0.337254
DP	0	78	6199	0.016956	26233	0.355051
DP	0	79	5989	0.016382	27376	0.370521
DP	0	80	5818	0.015914	28870	0.390742
DP	0	81	5565	0.015222	30090	0.407254
DP	0	82	5349	0.014631	31044	0.420166
DP	0	83	5425	0.014839	32759	0.443378
DP	0	84	5131	0.014035	34548	0.467591
DP	0	85	4847	0.013258	35978	0.486945
DP	0	86	4632	0.012670	37577	0.508587
DP	0	87	4515	0.012350	39178	0.530256
DP	0	88	4229	0.011567	41115	0.556472
DP	0	89	4264	0.011663	42947	0.581268
DP	0	90	4097	0.011206	45148	0.611057
DP	0	91	4012	0.010974	47045	0.636732
DP	0	92	3805	0.010408	49116	0.664762
DP	0	93	3797	0.010386	51983	0.703566
DP	0	94	3540	0.009683	53928	0.729890
DP	0	95	3501	0.009576	56305	0.762062
DP	0	96	3280	0.008972	58764	0.795343
DP	0	97	3198	0.008747	62007	0.839236
DP	0	98	3130	0.008561	64490	0.872842
DP	0	99	3159	0.008641	67919	0.919252
DP	0	100	3030	0.008288	71003	0.960993
DP	0	101	2950	0.008069	74068	1.002476
DP	0	102	2811	0.007689	77043	1.042741
DP	0	103	2810	0.007686	81370	1.101305
DP	0	104	2721	0.007443	83935	1.136021
DP	0	105	2623	0.007175	87740	1.187520
DP	0	106	2633	0.007202	91566	1.239303
DP	0	107	2413	0.006600	95078	1.286836
DP	0	108	2445	0.006688	98049	1.327048
DP	0	109	2308	0.006313	102477	1.386978
DP	0	110	2362	0.006461	105798	1.431927
DP	0	111	2219	0.006070	108778	1.472260
DP	0	112	2228	0.006094	111410	1.507882
DP	0	113	2106	0.005760	114833	1.554211
DP	0	114	2063	0.005643	118472	1.603463
DP	0	115	2183	0.005971	120109	1.625619
DP	0	116	2018	0.005520	122677	1.660376
DP	0	117	1986	0.005432	124838	1.689624
DP	0	118	1917	0.005244	126186	1.707869
DP	0	119	1770	0.004841	127278	1.722648
DP	0	120	1871	0.005118	128400	1.737834
DP	0	121	1762	0.004820	129389	1.751220
DP	0	122	1760	0.004814	129730	1.755835
DP	0	123	1620	0.004431	128817	1.743478
DP	0	124	1676	0.004584	128521	1.739472
DP	0	125	1731	0.004735	127142	1.720808
DP	0	126	1578	0.004316	126205	1.708126
DP	0	127	1502	0.004108	124624	1.686728
DP	0	128	1531	0.004188	121986	1.651024
DP	0	129	1479	0.004045	120138	1.626012
DP	0	130	1391	0.003805	117444	1.589550
DP	0	131	1445	0.003952	114141	1.544845
DP	0	132	1445	0.003952	110905	1.501048
DP	0	133	1367	0.003739	106478	1.441130
DP	0	134	1346	0.003682	103433	1.399917
DP	0	135	1346	0.003682	99125	1.341611
DP	0	136	1234	0.003375	95007	1.285875
DP	0	137	1233	0.003373	90689	1.227433
DP	0	138	1180	0.003228	87209	1.180333
DP	0	139	1198	0.003277	82299	1.113879
DP	0	140	1126	0.003080	78260	1.059213
DP	0	141	1144	0.003129	73880	0.999931
DP	0	142	1077	0.002946	69428	0.939676
DP	0	143	1060	0.002899	65343	0.884387
DP	0	144	1140	0.003118	61732	0.835514
DP	0	145	1117	0.003055	57502	0.778263
DP	0	146	1064	0.002910	53983	0.730635
DP	0	147	1066	0.002916	50156	0.678838
DP	0	148	948	0.002593	46547	0.629992
DP	0	149	993	0.002716	42699	0.577911
DP	0	150	896	0.002451	39817	0.538905
DP	0	151	898	0.002456	36674	0.496366
DP	0	152	881	0.002410	33651	0.455451
DP	0	153	842	0.002303	30744	0.416106
DP	0	154	807	0.002207	28540	0.386276
DP	0	155	775	0.002120	26263	0.355457
DP	0	156	791	0.002164	23930	0.323881
DP	0	157	705	0.001928	21839	0.295581
DP	0	158	750	0.002051	19736	0.267118
DP	0	159	720	0.001969	18225	0.246667
DP	0	160	702	0.001920	16735	0.226500
DP	0	161	660	0.001805	14980	0.202747
DP	0	162	671	0.001835	13827	0.187142
DP	0	163	650	0.001778	12531	0.169601
DP	0	164	607	0.001660	11329	0.153333
DP	0	165	636	0.001740	10502	0.142140
DP	0	166	543	0.001485	9574	0.129580
DP	0	167	579	0.001584	8751	0.118441
DP	0	168	540	0.001477	7914	0.107112
DP	0	169	558	0.001526	7072	0.095716
DP	0	170	556	0.001521	6582	0.089084
DP	0	171	539	0.001474	5985	0.081004
DP	0	172	544	0.001488	5551	0.075130
DP	0	173	504	0.001379	5048	0.068322
DP	0	174	446	0.001220	4598	0.062232
DP	0	175	500	0.001368	4373	0.059187
DP	0	176	422	0.001154	4022	0.054436
DP	0	177	478	0.001307	3620	0.048995
DP	0	178	432	0.001182	3423	0.046329
DP	0	179	440	0.001204	3267	0.044217
DP	0	180	411	0.001124	2968	0.040170
DP	0	181	407	0.001113	2821	0.038181
DP	0	182	405	0.001108	2592	0.035082
DP	0	183	422	0.001154	2441	0.033038
DP	0	184	407	0.001113	2343	0.031711
DP	0	185	394	0.001078	2220	0.030047
DP	0	186	363	0.000993	1945	0.026325
DP	0	187	347	0.000949	1948	0.026365
DP	0	188	329	0.000900	1934	0.026176
DP	0	189	352	0.000963	1813	0.024538
DP	0	190	371	0.001015	1749	0.023672
DP	0	191	330	0.000903	1653	0.022373
DP	0	192	319	0.000873	1554	0.021033
DP	0	193	327	0.000894	1578	0.021357
DP	0	194	312	0.000853	1477	0.019991
DP	0	195	289	0.000790	1458	0.019733
DP	0	196	293	0.000801	1439	0.019476
DP	0	197	292	0.000799	1401	0.018962
DP	0	198	319	0.000873	1332	0.018028
DP	0	199	296	0.000810	1334	0.018055
DP	0	200	297	0.000812	1293	0.017500
DP	0	201	283	0.000774	1357	0.018366
DP	0	202	265	0.000725	1210	0.016377
DP	0	203	301	0.000823	1256	0.016999
DP	0	204	274	0.000749	1286	0.017405
DP	0	205	264	0.000722	1218	0.016485
DP	0	206	262	0.000717	1170	0.015835
DP	0	207	254	0.000695	1237	0.016742
DP	0	208	257	0.000703	1195	0.016174
DP	0	209	252	0.000689	1158	0.015673
DP	0	210	241	0.000659	1187	0.016065
DP	0	211	233	0.000637	1154	0.015619
DP	0	212	256	0.000700	1138	0.015402
DP	0	213	228	0.000624	1110	0.015023
DP	0	214	211	0.000577	1122	0.015186
DP	0	215	230	0.000629	1119	0.015145
DP	0	216	241	0.000659	1078	0.014590
DP	0	217	245	0.000670	1109	0.015010
DP	0	218	216	0.000591	1019	0.013792
DP	0	219	190	0.000520	1007	0.013629
DP	0	220	224	0.000613	1030	0.013941
DP	0	221	243	0.000665	926	0.012533
DP	0	222	222	0.000607	1006	0.013616
DP	0	223	204	0.000558	1020	0.013805
DP	0	224	192	0.000525	1015	0.013738
DP	0	225	224	0.000613	1003	0.013575
DP	0	226	173	0.000473	977	0.013223
DP	0	227	219	0.000599	923	0.012492
DP	0	228	257	0.000703	1043	0.014117
DP	0	229	206	0.000563	927	0.012547
DP	0	230	219	0.000599	1010	0.013670
DP	0	231	215	0.000588	987	0.013359
DP	0	232	211	0.000577	994	0.013453
DP	0	233	207	0.000566	935	0.012655
DP	0	234	182	0.000498	928	0.012560
DP	0	235	190	0.000520	908	0.012289
DP	0	236	169	0.000462	908	0.012289
DP	0	237	183	0.000501	899	0.012168
DP	0	238	184	0.000503	923	0.012492
DP	0	239	172	0.000470	927	0.012547
DP	0	240	189	0.000517	869	0.011762
DP	0	241	176	0.000481	908	0.012289
DP	0	242	180	0.000492	883	0.011951
DP	0	243	177	0.000484	891	0.012059
DP	0	244	181	0.000495	832	0.011261
DP	0	245	169	0.000462	896	0.012127
DP	0	246	182	0.000498	856	0.011586
DP	0	247	157	0.000429	869	0.011762
DP	0	248	155	0.000424	801	0.010841
DP	0	249	163	0.000446	835	0.011301
DP	0	250	151	0.000413	797	0.010787
DP	0	251	160	0.000438	805	0.010895
DP	0	252	151	0.000413	794	0.010746
DP	0	253	153	0.000418	790	0.010692
DP	0	254	158	0.000432	761	0.010300
DP	0	255	130	0.000356	764	0.010340
DP	0	256	161	0.000440	759	0.010273
DP	0	257	143	0.000391	655	0.008865
DP	0	258	147	0.000402	756	0.010232
DP	0	259	139	0.000380	745	0.010083
DP	0	260	152	0.000416	685	0.009271
DP	0	261	143	0.000391	719	0.009731
DP	0	262	129	0.000353	711	0.009623
DP	0	263	131	0.000358	708	0.009582
DP	0	264	141	0.000386	661	0.008946
DP	0	265	135	0.000369	776	0.010503
DP	0	266	154	0.000421	655	0.008865
DP	0	267	161	0.000440	712	0.009637
DP	0	268	125	0.000342	625	0.008459
DP	0	269	128	0.000350	686	0.009285
DP	0	270	128	0.000350	635	0.008594
DP	0	271	134	0.000367	687	0.009298
DP	0	272	116	0.000317	645	0.008730
DP	0	273	128	0.000350	619	0.008378
DP	0	274	133	0.000364	584	0.007904
DP	0	275	141	0.000386	643	0.008703
DP	0	276	138	0.000377	625	0.008459
DP	0	277	125	0.000342	600	0.008121
DP	0	278	121	0.000331	602	0.008148
DP	0	279	131	0.000358	604	0.008175
DP	0	280	118	0.000323	587	0.007945
DP	0	281	109	0.000298	574	0.007769
DP	0	282	115	0.000315	602	0.008148
DP	0	283	105	0.000287	558	0.007552
DP	0	284	112	0.000306	550	0.007444
DP	0	285	134	0.000367	585	0.007918
DP	0	286	121	0.000331	521	0.007051
DP	0	287	129	0.000353	532	0.007200
DP	0	288	122	0.000334	545	0.007376
DP	0	289	112	0.000306	543	0.007349
DP	0	290	110	0.000301	536	0.007255
DP	0	291	106	0.000290	505	0.006835
DP	0	292	117	0.000320	548	0.007417
DP	0	293	109	0.000298	513	0.006943
DP	0	294	110	0.000301	504	0.006821
DP	0	295	117	0.000320	514	0.006957
DP	0	296	118	0.000323	514	0.006957
DP	0	297	111	0.000304	512	0.006930
DP	0	298	92	0.000252	514	0.006957
DP	0	299	94	0.000257	503	0.006808
DP	0	300	106	0.000290	493	0.006673
DP	0	301	124	0.000339	481	0.006510
DP	0	302	123	0.000336	469	0.006348
DP	0	303	119	0.000325	489	0.006618
DP	0	304	98	0.000268	495	0.006700
DP	0	305	116	0.000317	471	0.006375
DP	0	306	93	0.000254	480	0.006497
DP	0	307	110	0.000301	435	0.005888
DP	0	308	129	0.000353	492	0.006659
DP	0	309	112	0.000306	505	0.006835
DP	0	310	89	0.000243	466	0.006307
DP	0	311	121	0.000331	453	0.006131
DP	0	312	99	0.000271	453	0.006131
DP	0	313	119	0.000325	452	0.006118
DP	0	314	105	0.000287	490	0.006632
DP	0	315	92	0.000252	455	0.006158
DP	0	316	106	0.000290	436	0.005901
DP	0	317	101	0.000276	409	0.005536
DP	0	318	99	0.000271	444	0.006009
DP	0	319	103	0.000282	464	0.006280
DP	0	320	95	0.000260	437	0.005915
DP	0	321	115	0.000315	397	0.005373
DP	0	322	95	0.000260	413	0.005590
DP	0	323	100	0.000274	372	0.005035
DP	0	324	91	0.000249	387	0.005238
DP	0	325	104	0.000284	434	0.005874
DP	0	326	115	0.000315	420	0.005685
DP	0	327	98	0.000268	395	0.005346
DP	0	328	111	0.000304	401	0.005427
DP	0	329	90	0.000246	420	0.005685
DP	0	330	98	0.000268	380	0.005143
DP	0	331	78	0.000213	384	0.005197
DP	0	332	90	0.000246	379	0.005130
DP	0	333	115	0.000315	383	0.005184
DP	0	334	90	0.000246	376	0.005089
DP	0	335	82	0.000224	391	0.005292
DP	0	336	96	0.000263	374	0.005062
DP	0	337	97	0.000265	367	0.004967
DP	0	338	95	0.000260	401	0.005427
DP	0	339	102	0.000279	368	0.004981
DP	0	340	82	0.000224	354	0.004791
DP	0	341	76	0.000208	326	0.004412
DP	0	342	87	0.000238	350	0.004737
DP	0	343	97	0.000265	320	0.004331
DP	0	344	78	0.000213	360	0.004872
DP	0	345	92	0.000252	328	0.004439
DP	0	346	104	0.000284	367	0.004967
DP	0	347	108	0.000295	357	0.004832
DP	0	348	85	0.000232	346	0.004683
DP	0	349	94	0.000257	339	0.004588
DP	0	350	86	0.000235	330	0.004466
DP	0	351	97	0.000265	356	0.004818
DP	0	352	96	0.000263	339	0.004588
DP	0	353	76	0.000208	335	0.004534
DP	0	354	90	0.000246	329	0.004453
DP	0	355	87	0.000238	360	0.004872
DP	0	356	101	0.000276	364	0.004927
DP	0	357	101	0.000276	333	0.004507
DP	0	358	83	0.000227	300	0.004060
DP	0	359	94	0.000257	338	0.004575
DP	0	360	95	0.000260	331	0.004480
DP	0	361	84	0.000230	309	0.004182
DP	0	362	86	0.000235	302	0.004087
DP	0	363	76	0.000208	336	0.004548
DP	0	364	89	0.000243	301	0.004074
DP	0	365	85	0.000232	305	0.004128
DP	0	366	88	0.000241	320	0.004331
DP	0	367	92	0.000252	328	0.004439
DP	0	368	90	0.000246	277	0.003749
DP	0	369	87	0.000238	285	0.003857
DP	0	370	90	0.000246	313	0.004236
DP	0	371	84	0.000230	311	0.004209
DP	0	372	98	0.000268	301	0.004074
DP	0	373	101	0.000276	297	0.004020
DP	0	374	89	0.000243	287	0.003884
DP	0	375	83	0.000227	305	0.004128
DP	0	376	80	0.000219	282	0.003817
DP	0	377	80	0.000219	294	0.003979
DP	0	378	102	0.000279	291	0.003939
DP	0	379	85	0.000232	260	0.003519
DP	0	380	88	0.000241	298	0.004033
DP	0	381	89	0.000243	285	0.003857
DP	0	382	82	0.000224	283	0.003830
DP	0	383	83	0.000227	269	0.003641
DP	0	384	95	0.000260	274	0.003708
DP	0	385	111	0.000304	258	0.003492
DP	0	386	108	0.000295	261	0.003533
DP	0	387	88	0.000241	266	0.003600
DP	0	388	77	0.000211	283	0.003830
DP	0	389	85	0.000232	286	0.003871
DP	0	390	85	0.000232	283	0.003830
DP	0	391	96	0.000263	270	0.003654
DP	0	392	84	0.000230	256	0.003465
DP	0	393	67	0.000183	275	0.003722
DP	0	394	79	0.000216	248	0.003357
DP	0	395	85	0.000232	275	0.003722
DP	0	396	71	0.000194	271	0.003668
DP	0	397	90	0.000246	241	0.003262
DP	0	398	93	0.000254	244	0.003302
DP	0	399	98	0.000268	288	0.003898
DP	0	400	107	0.000293	265	0.003587
DP	0	401	75	0.000205	269	0.003641
DP	0	402	89	0.000243	217	0.002937
DP	0	403	71	0.000194	253	0.003424
DP	0	404	68	0.000186	258	0.003492
DP	0	405	104	0.000284	267	0.003614
DP	0	406	60	0.000164	276	0.003736
DP	0	407	74	0.000202	281	0.003803
DP	0	408	83	0.000227	256	0.003465
DP	0	409	73	0.000200	256	0.003465
DP	0	410	80	0.000219	268	0.003627
DP	0	411	83	0.000227	231	0.003126
DP	0	412	71	0.000194	233	0.003154
DP	0	413	73	0.000200	216	0.002923
DP	0	414	78	0.000213	212	0.002869
DP	0	415	69	0.000189	207	0.002802
DP	0	416	97	0.000265	255	0.003451
DP	0	417	62	0.000170	212	0.002869
DP	0	418	75	0.000205	229	0.003099
DP	0	419	70	0.000191	243	0.003289
DP	0	420	69	0.000189	203	0.002748
DP	0	421	83	0.000227	204	0.002761
DP	0	422	79	0.000216	213	0.002883
DP	0	423	75	0.000205	255	0.003451
DP	0	424	83	0.000227	241	0.003262
DP	0	425	67	0.000183	233	0.003154
DP	0	426	73	0.000200	243	0.003289
DP	0	427	58	0.000159	220	0.002978
DP	0	428	79	0.000216	236	0.003194
DP	0	429	66	0.000181	226	0.003059
DP	0	430	72	0.000197	205	0.002775
DP	0	431	80	0.000219	245	0.003316
DP	0	432	57	0.000156	201	0.002720
DP	0	433	58	0.000159	208	0.002815
DP	0	434	81	0.000222	200	0.002707
DP	0	435	81	0.000222	199	0.002693
DP	0	436	77	0.000211	239	0.003235
DP	0	437	68	0.000186	205	0.002775
DP	0	438	77	0.000211	194	0.002626
DP	0	439	85	0.000232	220	0.002978
DP	0	440	61	0.000167	182	0.002463
DP	0	441	60	0.000164	203	0.002748
DP	0	442	83	0.000227	185	0.002504
DP	0	443	81	0.000222	178	0.002409
DP	0	444	83	0.000227	189	0.002558
DP	0	445	82	0.000224	210	0.002842
DP	0	446	62	0.000170	171	0.002314
DP	0	447	68	0.000186	203	0.002748
DP	0	448	75	0.000205	190	0.002572
DP	0	449	62	0.000170	201	0.002720
DP	0	450	69	0.000189	168	0.002274
DP	0	451	76	0.000208	159	0.002152
DP	0	452	69	0.000189	163	0.002206
DP	0	453	71	0.000194	168	0.002274
DP	0	454	59	0.000161	203	0.002748
DP	0	455	72	0.000197	214	0.002896
DP	0	456	84	0.000230	201	0.002720
DP	0	457	79	0.000216	176	0.002382
DP	0	458	75	0.000205	192	0.002599
DP	0	459	78	0.000213	157	0.002125
DP	0	460	81	0.000222	187	0.002531
DP	0	461	85	0.000232	191	0.002585
DP	0	462	85	0.000232	188	0.002544
DP	0	463	88	0.000241	169	0.002287
DP	0	464	81	0.000222	168	0.002274
DP	0	465	83	0.000227	155	0.002098
DP	0	466	79	0.000216	144	0.001949
DP	0	467	90	0.000246	155	0.002098
DP	0	468	74	0.000202	152	0.002057
DP	0	469	77	0.000211	203	0.002748
DP	0	470	78	0.000213	171	0.002314
DP	0	471	79	0.000216	167	0.002260
DP	0	472	59	0.000161	157	0.002125
DP	0	473	62	0.000170	180	0.002436
DP	0	474	53	0.000145	162	0.002193
DP	0	475	83	0.000227	139	0.001881
DP	0	476	71	0.000194	146	0.001976
DP	0	477	78	0.000213	151	0.002044
DP	0	478	42	0.000115	139	0.001881
DP	0	479	65	0.000178	148	0.002003
DP	0	480	60	0.000164	154	0.002084
DP	0	481	63	0.000172	148	0.002003
DP	0	482	50	0.000137	153	0.002071
DP	0	483	62	0.000170	154	0.002084
DP	0	484	50	0.000137	158	0.002138
DP	0	485	54	0.000148	148	0.002003
DP	0	486	58	0.000159	126	0.001705
DP	0	487	41	0.000112	152	0.002057
DP	0	488	47	0.000129	159	0.002152
DP	0	489	48	0.000131	150	0.002030
DP	0	490	57	0.000156	149	0.002017
DP	0	491	52	0.000142	123	0.001665
DP	0	492	45	0.000123	130	0.001759
DP	0	493	41	0.000112	138	0.001868
DP	0	494	44	0.000120	140	0.001895
DP	0	495	43	0.000118	135	0.001827
DP	0	496	39	0.000107	137	0.001854
DP	0	497	37	0.000101	142	0.001922
DP	0	498	46	0.000126	149	0.002017
DP	0	499	41	0.000112	137	0.001854
DP	0	500	21	0.000057	133	0.001800
DP	0	>500	572	0.001565	33212	0.449509
