# QUAL, Stats by quality:
# QUAL	[2]id	[3]Quality	[4]number of SNPs	[5]number of transitions (1st ALT)	[6]number of transversions (1st ALT)	[7]number of indels
QUAL	0	3	41132	19106	22026	15333
QUAL	0	4	31855	14345	17510	14070
QUAL	0	5	27466	12795	14671	11351
QUAL	0	6	54767	25350	29394	10802
QUAL	0	7	12122	5935	6139	10160
QUAL	0	8	13211	6497	6662	8817
QUAL	0	9	13112	6749	6320	8144
QUAL	0	10	10800	5439	5304	7801
QUAL	0	11	9855	4960	4837	7123
QUAL	0	12	9389	4829	4499	7039
QUAL	0	13	8303	4358	3887	6880
QUAL	0	14	8897	4579	4266	7223
QUAL	0	15	7899	4129	3722	6141
QUAL	0	16	8077	4214	3822	5785
QUAL	0	17	7458	3824	3581	6025
QUAL	0	18	8023	4434	3527	5770
QUAL	0	19	7801	4310	3454	5666
QUAL	0	20	7990	4336	3602	5518
QUAL	0	21	7512	4128	3322	5643
QUAL	0	22	7898	4339	3489	5414
QUAL	0	23	7845	4316	3462	5500
QUAL	0	24	9129	5313	3759	5422
QUAL	0	25	7841	4429	3359	5347
QUAL	0	26	8954	5130	3767	5327
QUAL	0	27	9171	5331	3769	5483
QUAL	0	28	10000	5964	3986	5349
QUAL	0	29	10059	5997	4018	5365
QUAL	0	30	11031	6651	4335	5770
QUAL	0	31	10232	6009	4171	5311
QUAL	0	32	12474	7649	4767	5462
QUAL	0	33	14957	9198	5702	5821
QUAL	0	34	15167	9451	5661	5880
QUAL	0	35	19552	12404	7085	6066
QUAL	0	36	23079	14751	8283	7082
QUAL	0	37	23370	15044	8285	6389
QUAL	0	38	33020	21543	11434	7346
QUAL	0	39	37771	24626	13106	8388
QUAL	0	40	56204	37099	19052	8753
QUAL	0	41	64792	43039	21709	11450
QUAL	0	42	86558	57874	28635	13238
QUAL	0	43	131008	88917	42039	16710
QUAL	0	44	243172	165768	77352	25874
QUAL	0	45	1023474	696551	326871	121882
QUAL	0	46	18500	11496	6952	14552
QUAL	0	47	30602	19305	11240	25457
QUAL	0	48	27997	17038	10900	9138
QUAL	0	49	6094	3313	2719	7185
QUAL	0	50	9784	5388	4317	12080
QUAL	0	51	8824	5090	3660	12711
QUAL	0	52	3815	2059	1673	4460
QUAL	0	53	4597	2585	1937	4421
QUAL	0	54	3823	2028	1744	3897
QUAL	0	55	3553	1904	1585	3979
QUAL	0	56	5509	3091	2351	4129
QUAL	0	57	3849	2107	1665	3696
QUAL	0	58	3586	1918	1603	3775
QUAL	0	59	5558	3189	2326	3964
QUAL	0	60	3790	1994	1744	3689
QUAL	0	61	3599	1995	1556	3655
QUAL	0	62	6073	3645	2373	3750
QUAL	0	63	3521	1851	1618	3529
QUAL	0	64	3634	1968	1605	3747
QUAL	0	65	6542	3924	2571	3690
QUAL	0	66	3352	1799	1504	3523
QUAL	0	67	3823	2123	1642	3708
QUAL	0	68	6882	4160	2658	3692
QUAL	0	69	3447	1844	1553	3399
QUAL	0	70	3950	2243	1651	3547
QUAL	0	71	7492	4609	2839	3730
QUAL	0	72	3295	1818	1428	3309
QUAL	0	73	4126	2352	1735	3476
QUAL	0	74	7863	4924	2877	3770
QUAL	0	75	3391	1903	1427	3274
QUAL	0	76	4303	2547	1700	3433
QUAL	0	77	8443	5350	3030	3727
QUAL	0	78	3430	1868	1498	3328
QUAL	0	79	4516	2685	1764	3435
QUAL	0	80	8576	5456	3060	3815
QUAL	0	81	3380	1840	1472	3300
QUAL	0	82	4676	2751	1874	3283
QUAL	0	83	9016	5674	3299	3788
QUAL	0	84	3395	1874	1456	3296
QUAL	0	85	4994	3003	1921	3373
QUAL	0	86	9592	6067	3477	3935
QUAL	0	87	3597	1990	1547	3361
QUAL	0	88	5470	3279	2122	3556
QUAL	0	89	10332	6602	3673	4427
QUAL	0	90	3842	2085	1670	4606
QUAL	0	91	4677	2771	1827	3415
QUAL	0	92	11930	7717	4103	4234
QUAL	0	93	3637	2104	1479	3577
QUAL	0	94	4331	2532	1749	3547
QUAL	0	95	12813	8404	4348	4886
QUAL	0	96	3918	2318	1517	3963
QUAL	0	97	4476	2610	1798	3652
QUAL	0	98	13606	8947	4610	4656
QUAL	0	99	4113	2405	1643	3760
QUAL	0	100	4708	2750	1890	4122
QUAL	0	101	13714	8906	4765	4859
QUAL	0	102	4380	2588	1729	4092
QUAL	0	103	4993	2972	1948	4156
QUAL	0	104	14265	9347	4858	5067
QUAL	0	105	4891	2919	1916	4838
QUAL	0	106	5280	3185	2045	4088
QUAL	0	107	14456	9484	4928	5432
QUAL	0	108	5863	3609	2195	5898
QUAL	0	109	6054	3767	2215	4833
QUAL	0	110	14913	9769	5094	5773
QUAL	0	111	6709	4114	2529	4938
QUAL	0	112	7312	4645	2612	5409
QUAL	0	113	15185	9896	5240	6141
QUAL	0	114	8445	5224	3166	4397
QUAL	0	115	8635	5425	3146	4424
QUAL	0	116	16941	11178	5710	5335
QUAL	0	117	11646	7521	4070	6562
QUAL	0	118	12584	8114	4422	5001
QUAL	0	119	21731	14568	7112	6226
QUAL	0	120	17892	11788	6056	6759
QUAL	0	121	20139	13321	6772	8011
QUAL	0	122	30342	20287	10004	12032
QUAL	0	123	29816	20047	9727	26289
QUAL	0	124	38784	25933	12799	2763
QUAL	0	125	49846	33624	16194	3009
QUAL	0	126	61352	41468	19845	2863
QUAL	0	127	89084	60358	28678	3550
QUAL	0	128	145580	99120	46409	2667
QUAL	0	129	314743	213857	100823	2434
QUAL	0	130	4792	2873	1858	2429
QUAL	0	131	6962	4382	2533	2577
QUAL	0	132	4610	2766	1784	2472
QUAL	0	133	8084	4795	3244	2527
QUAL	0	134	4359	2729	1586	2668
QUAL	0	135	2154	1242	868	2636
QUAL	0	136	2486	1446	981	2510
QUAL	0	137	3736	2370	1306	2643
QUAL	0	138	2345	1368	929	2663
QUAL	0	139	2918	1778	1100	2655
QUAL	0	140	3468	2127	1291	2704
QUAL	0	141	2457	1443	967	2805
QUAL	0	142	3183	1858	1269	2582
QUAL	0	143	3332	2046	1223	2619
QUAL	0	144	2697	1619	1035	2828
QUAL	0	145	3731	2287	1389	2591
QUAL	0	146	3053	1875	1132	2660
QUAL	0	147	2938	1763	1133	2641
QUAL	0	148	4131	2546	1549	2602
QUAL	0	149	3211	1913	1249	2573
QUAL	0	150	3346	2003	1296	2933
QUAL	0	151	4907	2992	1863	2631
QUAL	0	152	3305	2001	1256	2535
QUAL	0	153	3800	2309	1440	2734
QUAL	0	154	5849	3694	2113	2608
QUAL	0	155	4015	2421	1535	2475
QUAL	0	156	5425	3402	1970	2850
QUAL	0	157	4443	2783	1608	2496
QUAL	0	158	4257	2651	1554	2578
QUAL	0	159	6162	3876	2236	2898
QUAL	0	160	4794	2991	1755	2537
QUAL	0	161	4769	2991	1704	2573
QUAL	0	162	7238	4694	2473	3027
QUAL	0	163	5033	3201	1781	2502
QUAL	0	164	5393	3404	1947	2692
QUAL	0	165	8564	5454	3046	3134
QUAL	0	166	5423	3385	1979	2575
QUAL	0	167	6011	3704	2249	2516
QUAL	0	168	9610	6194	3350	3444
QUAL	0	169	5626	3549	2020	2471
QUAL	0	170	6852	4357	2430	2467
QUAL	0	171	10861	7091	3704	3163
QUAL	0	172	6065	3789	2205	2553
QUAL	0	173	7675	4929	2697	2723
QUAL	0	174	12087	7856	4181	3753
QUAL	0	175	6247	4041	2163	2522
QUAL	0	176	8199	5319	2843	2513
QUAL	0	177	13366	8756	4571	3479
QUAL	0	178	6267	4005	2225	2617
QUAL	0	179	7790	5050	2696	2968
QUAL	0	180	15982	10587	5355	3339
QUAL	0	181	6635	4247	2356	2491
QUAL	0	182	8068	5173	2849	2681
QUAL	0	183	17797	11996	5762	3456
QUAL	0	184	6829	4439	2354	2753
QUAL	0	185	8177	5330	2813	2305
QUAL	0	186	19095	12785	6273	3295
QUAL	0	187	7296	4732	2520	2295
QUAL	0	188	8410	5473	2888	2532
QUAL	0	189	19881	13398	6449	3319
QUAL	0	190	7196	4673	2487	2307
QUAL	0	191	8811	5721	3040	2685
QUAL	0	192	19827	13382	6402	3691
QUAL	0	193	7375	4835	2491	2387
QUAL	0	194	8731	5729	2966	2396
QUAL	0	195	19582	13126	6418	3312
QUAL	0	196	7486	4818	2641	2397
QUAL	0	197	8807	5744	3027	2682
QUAL	0	198	19257	12987	6229	3534
QUAL	0	199	7786	5102	2640	2923
QUAL	0	200	9166	6030	3104	3377
QUAL	0	201	18921	12806	6086	4160
QUAL	0	202	8820	5790	2991	4159
QUAL	0	203	10323	6851	3434	4606
QUAL	0	204	19342	12894	6399	8484
QUAL	0	205	10073	6688	3347	1698
QUAL	0	206	12400	8322	4045	1618
QUAL	0	207	20888	13960	6889	2168
QUAL	0	208	13587	9065	4487	1614
QUAL	0	209	16719	11222	5459	1631
QUAL	0	210	25127	16873	8216	2027
QUAL	0	211	21519	14437	7048	1615
QUAL	0	212	25368	17042	8290	1580
QUAL	0	213	36743	24972	11724	1981
QUAL	0	214	39530	26631	12862	1524
QUAL	0	215	53953	36456	17463	1637
QUAL	0	216	86153	58138	27983	1935
QUAL	0	217	2999	1888	1072	1637
QUAL	0	218	3292	2119	1144	1571
QUAL	0	219	7157	4794	2329	1838
QUAL	0	220	2635	1651	952	1648
QUAL	0	221	3012	1979	994	1573
QUAL	0	222	6246	4164	2044	1905
QUAL	0	223	2562	1651	883	1599
QUAL	0	224	2791	1791	971	1566
QUAL	0	225	5790	3779	1965	1860
QUAL	0	226	2608	1625	950	1639
QUAL	0	227	2722	1731	953	1508
QUAL	0	228	5585	3643	1914	1860
QUAL	0	229	2396	1482	881	1563
QUAL	0	230	2762	1745	985	1542
QUAL	0	231	5630	3748	1854	1898
QUAL	0	232	2536	1582	914	1602
QUAL	0	233	2827	1717	1073	1515
QUAL	0	234	5579	3674	1874	1982
QUAL	0	235	2557	1565	962	1581
QUAL	0	236	3113	1958	1119	1494
QUAL	0	237	5858	3825	2007	1935
QUAL	0	238	2731	1727	969	1589
QUAL	0	239	3292	2022	1240	1515
QUAL	0	240	6334	4182	2119	2097
QUAL	0	241	3009	1843	1133	1556
QUAL	0	242	3608	2282	1295	1515
QUAL	0	243	7021	4566	2420	2052
QUAL	0	244	3191	2038	1122	1543
QUAL	0	245	4177	2720	1426	1541
QUAL	0	246	7802	5111	2663	2113
QUAL	0	247	3547	2221	1288	1568
QUAL	0	248	4533	2935	1557	1482
QUAL	0	249	8574	5667	2868	2232
QUAL	0	250	4117	2714	1381	1520
QUAL	0	251	5275	3445	1796	1507
QUAL	0	252	9635	6334	3262	2199
QUAL	0	253	4618	2994	1593	1476
QUAL	0	254	6275	4065	2183	1473
QUAL	0	255	10602	7115	3471	2197
QUAL	0	256	4984	3225	1733	1413
QUAL	0	257	7001	4575	2404	1471
QUAL	0	258	11840	7956	3860	2202
QUAL	0	259	5504	3560	1927	1337
QUAL	0	260	7906	5175	2706	1440
QUAL	0	261	12679	8427	4228	2237
QUAL	0	262	6115	3960	2128	1409
QUAL	0	263	8695	5792	2881	1361
QUAL	0	264	14095	9394	4682	2174
QUAL	0	265	6712	4375	2312	1336
QUAL	0	266	9496	6372	3093	1362
QUAL	0	267	14728	9858	4844	2172
QUAL	0	268	6800	4469	2312	1210
QUAL	0	269	9755	6477	3248	1364
QUAL	0	270	16932	11333	5584	2155
QUAL	0	271	7070	4715	2331	1242
QUAL	0	272	9808	6533	3257	1262
QUAL	0	273	17976	12199	5754	2044
QUAL	0	274	7240	4851	2365	1115
QUAL	0	275	9991	6692	3278	1191
QUAL	0	276	18502	12616	5862	2008
QUAL	0	277	7259	4900	2324	1120
QUAL	0	278	10194	6767	3405	1200
QUAL	0	279	18652	12587	6051	1740
QUAL	0	280	7185	4868	2295	1030
QUAL	0	281	10040	6739	3283	1056
QUAL	0	282	18138	12317	5793	1721
QUAL	0	283	6919	4584	2305	960
QUAL	0	284	9903	6645	3243	964
QUAL	0	285	17397	11795	5581	1592
QUAL	0	286	6574	4366	2189	965
QUAL	0	287	9239	6169	3046	948
QUAL	0	288	16475	11062	5393	1508
QUAL	0	289	5978	4000	1966	873
QUAL	0	290	8370	5612	2736	930
QUAL	0	291	15191	10221	4947	1418
QUAL	0	292	5642	3783	1836	864
QUAL	0	293	7968	5360	2587	901
QUAL	0	294	13901	9438	4452	1372
QUAL	0	295	5107	3466	1627	809
QUAL	0	296	7384	4902	2461	804
QUAL	0	297	12513	8530	3960	1367
QUAL	0	298	4772	3208	1548	820
QUAL	0	299	6558	4381	2164	828
QUAL	0	300	11529	7815	3705	1223
QUAL	0	301	4221	2794	1405	792
QUAL	0	302	6086	4096	1979	705
QUAL	0	303	10467	7067	3380	1283
QUAL	0	304	3985	2626	1345	845
QUAL	0	305	5745	3772	1957	655
QUAL	0	306	9595	6438	3143	1285
QUAL	0	307	3654	2371	1271	818
QUAL	0	308	5335	3471	1853	695
QUAL	0	309	9084	6182	2882	1259
QUAL	0	310	3533	2267	1252	773
QUAL	0	311	5265	3462	1774	721
QUAL	0	312	8931	5958	2959	1271
QUAL	0	313	3460	2256	1193	770
QUAL	0	314	5214	3423	1772	676
QUAL	0	315	8769	5847	2903	1280
QUAL	0	316	3493	2243	1233	831
QUAL	0	317	5251	3412	1826	678
QUAL	0	318	8971	5963	2987	1306
QUAL	0	319	3446	2219	1206	801
QUAL	0	320	5403	3610	1772	687
QUAL	0	321	9303	6278	3009	1310
QUAL	0	322	3523	2297	1209	774
QUAL	0	323	5548	3612	1924	617
QUAL	0	324	9724	6503	3204	1336
QUAL	0	325	3756	2384	1358	795
QUAL	0	326	5693	3710	1971	640
QUAL	0	327	10345	6942	3380	1351
QUAL	0	328	3840	2561	1267	808
QUAL	0	329	5847	3890	1944	627
QUAL	0	330	10744	7207	3528	1249
QUAL	0	331	4038	2608	1417	797
QUAL	0	332	5933	3931	1990	612
QUAL	0	333	11511	7689	3812	1306
QUAL	0	334	4087	2629	1442	820
QUAL	0	335	6300	4115	2171	552
QUAL	0	336	12051	8143	3895	1219
QUAL	0	337	4402	2887	1498	796
QUAL	0	338	6273	4176	2084	562
QUAL	0	339	12301	8403	3887	1216
QUAL	0	340	4345	2790	1545	824
QUAL	0	341	6151	4104	2040	535
QUAL	0	342	12831	8718	4104	1180
QUAL	0	343	4628	3044	1568	871
QUAL	0	344	6049	4086	1949	526
QUAL	0	345	13021	8742	4267	1085
QUAL	0	346	4750	3145	1598	868
QUAL	0	347	6061	4054	1999	561
QUAL	0	348	13555	9203	4346	1040
QUAL	0	349	4932	3263	1652	918
QUAL	0	350	5982	3956	2018	513
QUAL	0	351	13622	9190	4424	1018
QUAL	0	352	5175	3396	1769	924
QUAL	0	353	5837	3932	1903	441
QUAL	0	354	13488	9168	4310	923
QUAL	0	355	5435	3670	1755	991
QUAL	0	356	5627	3760	1864	456
QUAL	0	357	13348	9065	4274	846
QUAL	0	358	5489	3626	1859	1034
QUAL	0	359	5405	3598	1797	422
QUAL	0	360	12997	8833	4155	775
QUAL	0	361	5767	3807	1950	1059
QUAL	0	362	5237	3494	1737	396
QUAL	0	363	12496	8476	4018	782
QUAL	0	364	6163	4102	2055	1117
QUAL	0	365	4944	3304	1633	428
QUAL	0	366	12160	8199	3954	730
QUAL	0	367	6372	4211	2155	1133
QUAL	0	368	4638	3075	1555	405
QUAL	0	369	11489	7889	3595	599
QUAL	0	370	6657	4439	2211	1172
QUAL	0	371	4276	2886	1385	388
QUAL	0	372	10992	7474	3509	542
QUAL	0	373	7110	4737	2369	1201
QUAL	0	374	4088	2720	1363	330
QUAL	0	375	10289	6885	3400	458
QUAL	0	376	7597	5093	2502	1216
QUAL	0	377	3768	2499	1263	342
QUAL	0	378	9851	6637	3210	433
QUAL	0	379	8209	5515	2691	1307
QUAL	0	380	3682	2454	1222	301
QUAL	0	381	9245	6253	2989	412
QUAL	0	382	8605	5791	2811	1282
QUAL	0	383	3189	2154	1030	309
QUAL	0	384	8677	5811	2860	358
QUAL	0	385	9150	6185	2962	1373
QUAL	0	386	3069	2014	1052	257
QUAL	0	387	8305	5561	2742	326
QUAL	0	388	9616	6467	3144	1387
QUAL	0	389	2708	1794	909	269
QUAL	0	390	7861	5280	2579	308
QUAL	0	391	10470	7117	3346	1341
QUAL	0	392	2573	1669	904	232
QUAL	0	393	7449	5033	2411	302
QUAL	0	394	10883	7373	3508	1356
QUAL	0	395	2387	1570	817	236
QUAL	0	396	7149	4753	2394	230
QUAL	0	397	11495	7796	3698	1330
QUAL	0	398	2167	1414	751	217
QUAL	0	399	6517	4281	2234	247
QUAL	0	400	12362	8355	4006	1343
QUAL	0	401	2066	1317	746	198
QUAL	0	402	6382	4291	2090	224
QUAL	0	403	12865	8773	4086	1344
QUAL	0	404	1954	1323	630	181
QUAL	0	405	6066	4087	1973	185
QUAL	0	406	13316	9024	4291	1277
QUAL	0	407	1736	1119	617	171
QUAL	0	408	5693	3892	1800	161
QUAL	0	409	13718	9302	4416	1286
QUAL	0	410	1648	1084	564	171
QUAL	0	411	5610	3738	1872	155
QUAL	0	412	14167	9694	4472	1228
QUAL	0	413	1598	1037	561	147
QUAL	0	414	5049	3380	1668	147
QUAL	0	415	14285	9810	4473	1219
QUAL	0	416	1428	917	510	146
QUAL	0	417	4838	3229	1607	121
QUAL	0	418	14633	10040	4593	1174
QUAL	0	419	1425	935	488	147
QUAL	0	420	4721	3167	1554	103
QUAL	0	421	14472	9918	4553	1068
QUAL	0	422	1289	814	473	114
QUAL	0	423	4387	2885	1500	96
QUAL	0	424	14368	9869	4497	1054
QUAL	0	425	1157	753	402	116
QUAL	0	426	4194	2802	1392	101
QUAL	0	427	14195	9764	4430	987
QUAL	0	428	1047	676	371	89
QUAL	0	429	3813	2595	1216	97
QUAL	0	430	14023	9709	4312	966
QUAL	0	431	1016	659	356	101
QUAL	0	432	3558	2345	1213	69
QUAL	0	433	13651	9437	4214	861
QUAL	0	434	998	635	363	73
QUAL	0	435	3306	2162	1143	61
QUAL	0	436	12868	8912	3954	884
QUAL	0	437	894	591	302	98
QUAL	0	438	3119	2126	992	76
QUAL	0	439	12433	8588	3844	746
QUAL	0	440	797	537	260	71
QUAL	0	441	2854	1925	929	57
QUAL	0	442	12111	8374	3737	713
QUAL	0	443	744	480	264	51
QUAL	0	444	2687	1779	908	43
QUAL	0	445	11481	8052	3429	638
QUAL	0	446	701	463	237	49
QUAL	0	447	2263	1520	743	49
QUAL	0	448	10864	7535	3329	538
QUAL	0	449	660	429	230	43
QUAL	0	450	2199	1515	683	38
QUAL	0	451	10079	6916	3163	560
QUAL	0	452	557	377	179	46
QUAL	0	453	2084	1414	669	24
QUAL	0	454	9438	6528	2910	479
QUAL	0	455	559	388	171	39
QUAL	0	456	1919	1315	604	40
QUAL	0	457	8728	6101	2627	459
QUAL	0	458	526	342	184	39
QUAL	0	459	1609	1072	537	42
QUAL	0	460	7927	5513	2414	417
QUAL	0	461	454	296	158	30
QUAL	0	462	1468	992	476	27
QUAL	0	463	7184	4956	2228	367
QUAL	0	464	384	246	138	35
QUAL	0	465	1330	900	430	29
QUAL	0	466	6672	4597	2075	303
QUAL	0	467	364	258	106	25
QUAL	0	468	1289	854	435	24
QUAL	0	469	5927	4093	1833	272
QUAL	0	470	360	250	110	27
QUAL	0	471	1086	741	345	22
QUAL	0	472	5505	3786	1719	266
QUAL	0	473	284	192	92	22
QUAL	0	474	1028	692	336	25
QUAL	0	475	4882	3406	1476	241
QUAL	0	476	249	180	68	25
QUAL	0	477	916	604	312	13
QUAL	0	478	4484	3122	1362	206
QUAL	0	479	280	190	90	15
QUAL	0	480	793	537	256	20
QUAL	0	481	4088	2910	1178	190
QUAL	0	482	274	188	86	14
QUAL	0	483	718	506	212	14
QUAL	0	484	3574	2473	1101	183
QUAL	0	485	237	149	88	15
QUAL	0	486	663	461	202	10
QUAL	0	487	3082	2116	966	153
QUAL	0	488	209	135	74	15
QUAL	0	489	553	388	165	11
QUAL	0	490	2766	1918	848	120
QUAL	0	491	175	117	58	12
QUAL	0	492	482	347	135	11
QUAL	0	493	2435	1677	758	115
QUAL	0	494	136	91	45	8
QUAL	0	495	454	327	127	3
QUAL	0	496	2209	1529	680	93
QUAL	0	497	143	96	47	10
QUAL	0	498	425	280	145	10
QUAL	0	499	1906	1336	570	90
QUAL	0	500	121	85	36	11
QUAL	0	501	361	251	110	10
QUAL	0	502	1692	1192	500	82
QUAL	0	503	141	88	53	14
QUAL	0	504	338	232	106	6
QUAL	0	505	1485	1012	473	70
QUAL	0	506	112	81	31	7
QUAL	0	507	293	200	93	6
QUAL	0	508	1345	949	396	59
QUAL	0	509	91	66	25	10
QUAL	0	510	260	171	89	5
QUAL	0	511	1155	806	349	45
QUAL	0	512	79	55	24	7
QUAL	0	513	216	142	74	4
QUAL	0	514	1040	727	313	47
QUAL	0	515	71	53	18	12
QUAL	0	516	179	116	63	3
QUAL	0	517	906	615	291	27
QUAL	0	518	82	55	27	8
QUAL	0	519	187	126	61	7
QUAL	0	520	791	533	258	30
QUAL	0	521	65	36	29	3
QUAL	0	522	183	124	59	3
QUAL	0	523	637	441	196	22
QUAL	0	524	53	37	16	4
QUAL	0	525	147	97	50	4
QUAL	0	526	549	380	169	26
QUAL	0	527	55	37	18	5
QUAL	0	528	110	89	21	4
QUAL	0	529	496	364	132	24
QUAL	0	530	49	33	16	6
QUAL	0	531	97	64	33	3
QUAL	0	532	463	340	123	21
QUAL	0	533	46	33	13	8
QUAL	0	534	103	61	41	4
QUAL	0	535	379	259	120	10
QUAL	0	536	39	24	15	5
QUAL	0	537	94	60	34	1
QUAL	0	538	324	227	97	15
QUAL	0	539	47	23	24	5
QUAL	0	540	73	43	30	3
QUAL	0	541	271	188	83	16
QUAL	0	542	37	26	11	7
QUAL	0	543	82	56	26	1
QUAL	0	544	248	179	69	5
QUAL	0	545	27	15	12	5
QUAL	0	546	55	35	20	2
QUAL	0	547	207	143	64	8
QUAL	0	548	27	14	13	9
QUAL	0	549	52	35	17	2
QUAL	0	550	183	114	69	14
QUAL	0	551	33	22	11	4
QUAL	0	552	62	40	22	4
QUAL	0	553	142	92	50	2
QUAL	0	554	41	24	17	5
QUAL	0	555	36	24	12	4
QUAL	0	556	125	85	40	5
QUAL	0	557	37	23	14	3
QUAL	0	558	39	24	15	2
QUAL	0	559	102	63	39	5
QUAL	0	560	24	12	12	7
QUAL	0	561	35	19	16	1
QUAL	0	562	111	69	42	4
QUAL	0	563	28	16	12	4
QUAL	0	564	37	18	19	0
QUAL	0	565	84	54	30	3
QUAL	0	566	18	11	7	1
QUAL	0	567	32	19	13	1
QUAL	0	568	90	66	24	3
QUAL	0	569	20	7	13	4
QUAL	0	570	29	14	15	3
QUAL	0	571	63	45	18	2
QUAL	0	572	16	9	7	0
QUAL	0	573	31	16	15	0
QUAL	0	574	56	31	25	3
QUAL	0	575	24	14	10	3
QUAL	0	576	30	20	10	1
QUAL	0	577	49	37	12	3
QUAL	0	578	23	16	7	3
QUAL	0	579	27	14	13	1
QUAL	0	580	29	23	6	3
QUAL	0	581	25	13	12	0
QUAL	0	582	22	14	8	0
QUAL	0	583	47	29	18	1
QUAL	0	584	22	8	14	0
QUAL	0	585	21	11	10	1
QUAL	0	586	38	20	18	1
QUAL	0	587	21	10	10	3
QUAL	0	588	27	15	12	3
QUAL	0	589	27	16	11	1
QUAL	0	590	16	11	5	1
QUAL	0	591	14	10	4	1
QUAL	0	592	42	28	14	2
QUAL	0	593	21	12	9	0
QUAL	0	594	11	9	2	1
QUAL	0	595	35	22	12	4
QUAL	0	596	14	11	3	2
QUAL	0	597	20	13	7	2
QUAL	0	598	25	17	8	3
QUAL	0	599	16	9	7	1
QUAL	0	600	9	6	3	1
QUAL	0	601	24	16	8	3
QUAL	0	602	17	9	8	5
QUAL	0	603	28	14	13	2
QUAL	0	604	27	15	12	1
QUAL	0	605	15	12	3	2
QUAL	0	606	24	10	14	3
QUAL	0	607	26	15	11	1
QUAL	0	608	17	9	8	2
QUAL	0	609	20	12	8	2
QUAL	0	610	20	12	8	2
QUAL	0	611	19	10	9	2
QUAL	0	612	18	10	8	0
QUAL	0	613	23	17	6	1
QUAL	0	614	19	11	8	1
QUAL	0	615	15	5	10	0
QUAL	0	616	18	12	6	2
QUAL	0	617	9	5	4	1
QUAL	0	618	17	10	7	2
QUAL	0	619	26	12	14	3
QUAL	0	620	17	8	9	0
QUAL	0	621	16	10	6	0
QUAL	0	622	19	9	10	0
QUAL	0	623	10	6	4	1
QUAL	0	624	14	4	10	1
QUAL	0	625	20	13	7	1
QUAL	0	626	6	2	4	0
QUAL	0	627	20	12	8	0
QUAL	0	628	22	13	9	0
QUAL	0	629	12	4	8	2
QUAL	0	630	11	4	7	0
QUAL	0	631	12	6	6	1
QUAL	0	632	11	2	9	1
QUAL	0	633	8	3	5	0
QUAL	0	634	17	12	5	1
QUAL	0	635	16	10	6	2
QUAL	0	636	12	5	7	1
QUAL	0	637	19	10	9	1
QUAL	0	638	12	8	4	0
QUAL	0	639	18	9	9	0
QUAL	0	640	22	13	9	0
QUAL	0	641	9	5	4	1
QUAL	0	642	16	7	9	0
QUAL	0	643	15	9	6	4
QUAL	0	644	12	9	3	2
QUAL	0	645	11	8	3	1
QUAL	0	646	16	8	8	2
QUAL	0	647	14	4	10	1
QUAL	0	648	9	3	6	0
QUAL	0	649	16	6	10	0
QUAL	0	650	11	9	2	1
QUAL	0	651	20	9	11	1
QUAL	0	652	8	3	5	0
QUAL	0	653	12	9	3	0
QUAL	0	654	10	7	3	0
QUAL	0	655	23	12	11	2
QUAL	0	656	8	2	6	2
QUAL	0	657	22	10	12	0
QUAL	0	658	21	11	10	0
QUAL	0	659	15	6	9	0
QUAL	0	660	14	8	6	1
QUAL	0	661	15	6	9	0
QUAL	0	662	17	7	10	1
QUAL	0	663	13	4	9	1
QUAL	0	664	14	10	4	0
QUAL	0	665	13	7	6	1
QUAL	0	666	15	9	6	0
QUAL	0	667	16	12	4	0
QUAL	0	668	9	5	4	1
QUAL	0	669	8	4	4	0
QUAL	0	670	13	8	5	0
QUAL	0	671	10	5	5	1
QUAL	0	672	17	13	4	0
QUAL	0	673	16	7	9	0
QUAL	0	674	7	5	2	0
QUAL	0	675	15	6	9	0
QUAL	0	676	21	15	6	0
QUAL	0	677	16	12	4	1
QUAL	0	678	11	8	3	1
QUAL	0	679	12	5	7	0
QUAL	0	680	9	6	3	0
QUAL	0	681	12	9	3	0
QUAL	0	682	16	5	11	0
QUAL	0	683	10	8	2	0
QUAL	0	684	5	3	2	1
QUAL	0	685	12	10	2	1
QUAL	0	686	16	9	7	1
QUAL	0	687	11	6	5	2
QUAL	0	688	13	6	7	0
QUAL	0	689	15	7	8	1
QUAL	0	690	14	9	5	2
QUAL	0	691	9	5	4	0
QUAL	0	692	14	11	3	1
QUAL	0	693	22	11	11	0
QUAL	0	694	16	8	8	1
QUAL	0	695	11	7	4	2
QUAL	0	696	11	4	7	2
QUAL	0	697	13	8	5	1
QUAL	0	698	8	4	4	1
QUAL	0	699	15	11	4	0
QUAL	0	700	12	5	7	1
QUAL	0	701	12	10	2	0
QUAL	0	702	9	7	2	1
QUAL	0	703	11	6	5	0
QUAL	0	704	4	1	3	3
QUAL	0	705	15	8	7	0
QUAL	0	706	10	7	3	0
QUAL	0	707	12	5	7	0
QUAL	0	708	11	4	7	0
QUAL	0	709	10	5	5	1
QUAL	0	710	9	5	4	1
QUAL	0	711	11	4	7	0
QUAL	0	712	13	9	4	0
QUAL	0	713	6	5	1	1
QUAL	0	714	6	4	2	0
QUAL	0	715	9	5	4	0
QUAL	0	716	8	5	3	0
QUAL	0	717	7	6	1	0
QUAL	0	718	8	7	1	0
QUAL	0	719	1	1	0	0
QUAL	0	720	10	6	4	0
QUAL	0	721	10	8	2	0
QUAL	0	722	6	3	3	0
QUAL	0	723	7	3	4	0
QUAL	0	724	8	6	2	0
QUAL	0	725	12	6	6	1
QUAL	0	726	12	8	4	0
QUAL	0	727	12	6	6	0
QUAL	0	728	8	2	6	1
QUAL	0	729	12	7	5	0
QUAL	0	730	10	1	9	0
QUAL	0	731	7	4	3	1
QUAL	0	732	14	9	5	2
QUAL	0	733	12	8	4	0
QUAL	0	734	10	3	7	2
QUAL	0	735	8	5	3	1
QUAL	0	736	10	4	6	1
QUAL	0	737	9	6	3	2
QUAL	0	738	11	6	5	0
QUAL	0	739	7	6	1	0
QUAL	0	740	10	5	5	1
QUAL	0	741	10	4	6	0
QUAL	0	742	10	7	3	1
QUAL	0	743	10	8	2	0
QUAL	0	744	9	6	3	1
QUAL	0	745	7	4	3	0
QUAL	0	746	10	5	5	1
QUAL	0	747	8	5	3	0
QUAL	0	748	2	1	1	1
QUAL	0	749	11	8	3	1
QUAL	0	750	8	2	6	1
QUAL	0	751	9	5	4	2
QUAL	0	752	7	3	4	0
QUAL	0	753	7	7	0	2
QUAL	0	754	11	3	8	0
QUAL	0	755	4	3	1	0
QUAL	0	756	5	2	3	1
QUAL	0	757	3	2	1	0
QUAL	0	758	10	7	3	0
QUAL	0	759	14	7	7	0
QUAL	0	760	8	6	2	0
QUAL	0	761	8	5	3	0
QUAL	0	762	11	7	4	3
QUAL	0	763	9	6	3	0
QUAL	0	764	8	7	1	1
QUAL	0	765	12	8	4	1
QUAL	0	766	6	3	3	0
QUAL	0	767	6	2	4	0
QUAL	0	768	8	5	3	1
QUAL	0	769	9	3	6	0
QUAL	0	770	4	3	1	1
QUAL	0	771	10	7	3	0
QUAL	0	772	8	4	4	0
QUAL	0	773	3	1	2	0
QUAL	0	774	3	2	1	0
QUAL	0	775	6	4	2	1
QUAL	0	776	6	2	4	0
QUAL	0	777	13	7	6	0
QUAL	0	778	3	2	1	0
QUAL	0	779	4	3	1	0
QUAL	0	780	5	1	4	0
QUAL	0	781	7	3	4	0
QUAL	0	782	11	8	3	0
QUAL	0	783	10	7	3	0
QUAL	0	784	9	7	2	1
QUAL	0	785	7	6	1	0
QUAL	0	786	5	2	3	2
QUAL	0	787	7	5	2	1
QUAL	0	788	4	3	1	0
QUAL	0	789	7	4	3	0
QUAL	0	790	8	4	4	1
QUAL	0	791	6	2	4	0
QUAL	0	792	9	6	3	0
QUAL	0	793	6	3	3	0
QUAL	0	794	3	1	2	2
QUAL	0	795	6	3	3	1
QUAL	0	796	7	2	5	1
QUAL	0	797	13	7	6	0
QUAL	0	798	6	3	3	0
QUAL	0	799	8	5	3	0
QUAL	0	800	6	3	3	0
QUAL	0	801	6	5	1	0
QUAL	0	802	10	7	3	0
QUAL	0	803	5	3	2	0
QUAL	0	804	5	4	1	0
QUAL	0	805	7	5	2	0
QUAL	0	806	5	3	2	0
QUAL	0	807	6	5	1	0
QUAL	0	808	2	1	1	0
QUAL	0	809	2	2	0	2
QUAL	0	810	4	3	1	0
QUAL	0	811	5	2	3	0
QUAL	0	812	11	6	5	0
QUAL	0	813	11	5	6	1
QUAL	0	814	4	2	2	1
QUAL	0	815	8	5	3	3
QUAL	0	816	9	5	4	0
QUAL	0	817	4	0	4	1
QUAL	0	818	8	4	4	0
QUAL	0	819	7	4	3	1
QUAL	0	820	6	2	4	1
QUAL	0	821	2	1	1	0
QUAL	0	822	3	2	1	0
QUAL	0	823	6	4	2	1
QUAL	0	824	9	7	2	0
QUAL	0	825	5	3	2	0
QUAL	0	826	2	2	0	0
QUAL	0	827	12	7	5	0
QUAL	0	828	3	3	0	0
QUAL	0	829	4	2	2	0
QUAL	0	830	8	3	5	0
QUAL	0	831	7	2	5	0
QUAL	0	832	6	5	1	0
QUAL	0	833	3	1	2	0
QUAL	0	834	5	4	1	0
QUAL	0	835	8	3	5	1
QUAL	0	836	3	3	0	1
QUAL	0	837	5	3	2	0
QUAL	0	838	7	5	2	0
QUAL	0	839	6	6	0	0
QUAL	0	840	6	3	3	0
QUAL	0	841	6	4	2	0
QUAL	0	842	7	4	3	0
QUAL	0	843	5	1	4	0
QUAL	0	844	6	4	2	0
QUAL	0	845	3	2	1	1
QUAL	0	846	1	0	1	0
QUAL	0	847	5	1	4	0
QUAL	0	848	5	3	2	2
QUAL	0	849	5	2	3	0
QUAL	0	850	3	2	1	0
QUAL	0	851	8	4	4	1
QUAL	0	852	5	2	3	0
QUAL	0	853	2	1	1	0
QUAL	0	854	7	3	4	0
QUAL	0	855	2	1	1	0
QUAL	0	856	5	3	2	1
QUAL	0	857	8	4	4	0
QUAL	0	858	1	0	1	0
QUAL	0	859	6	4	2	0
QUAL	0	860	6	2	4	1
QUAL	0	861	5	2	3	0
QUAL	0	862	10	3	7	0
QUAL	0	863	7	5	2	1
QUAL	0	864	10	8	2	0
QUAL	0	865	2	1	1	1
QUAL	0	866	7	5	2	0
QUAL	0	867	3	0	3	2
QUAL	0	868	3	1	2	0
QUAL	0	869	7	2	5	0
QUAL	0	870	4	2	2	0
QUAL	0	871	5	4	1	0
QUAL	0	872	4	2	2	0
QUAL	0	873	4	3	1	3
QUAL	0	874	4	3	1	0
QUAL	0	875	2	0	2	1
QUAL	0	876	7	4	3	0
QUAL	0	877	5	3	2	0
QUAL	0	878	4	3	1	0
QUAL	0	879	2	1	1	0
QUAL	0	880	1	1	0	0
QUAL	0	881	4	3	1	0
QUAL	0	882	6	5	1	0
QUAL	0	883	3	2	1	0
QUAL	0	884	3	2	1	0
QUAL	0	885	2	1	1	0
QUAL	0	886	5	2	3	0
QUAL	0	887	4	2	2	0
QUAL	0	888	2	0	2	0
QUAL	0	889	7	2	5	0
QUAL	0	890	2	2	0	0
QUAL	0	891	5	1	4	0
QUAL	0	892	5	3	2	1
QUAL	0	893	3	1	2	0
QUAL	0	894	6	4	2	0
QUAL	0	895	3	2	1	0
QUAL	0	896	5	1	4	1
QUAL	0	897	1	1	0	0
QUAL	0	898	8	4	4	0
QUAL	0	899	3	2	1	0
QUAL	0	900	8	4	4	0
QUAL	0	901	6	2	4	0
QUAL	0	902	5	3	2	0
QUAL	0	903	9	7	2	0
QUAL	0	904	6	3	3	1
QUAL	0	905	2	0	2	0
QUAL	0	906	3	3	0	0
QUAL	0	907	4	1	3	0
QUAL	0	908	3	1	2	1
QUAL	0	909	2	1	1	2
QUAL	0	910	2	1	1	0
QUAL	0	911	5	2	3	0
QUAL	0	912	7	6	1	0
QUAL	0	913	2	2	0	0
QUAL	0	914	5	3	2	0
QUAL	0	915	4	1	3	0
QUAL	0	916	3	2	1	0
QUAL	0	917	4	2	2	0
QUAL	0	918	6	3	3	0
QUAL	0	919	5	0	5	0
QUAL	0	920	5	4	1	0
QUAL	0	921	4	3	1	1
QUAL	0	922	7	4	3	0
QUAL	0	923	4	1	3	0
QUAL	0	924	5	3	2	0
QUAL	0	925	2	2	0	0
QUAL	0	926	3	0	3	1
QUAL	0	927	8	5	3	0
QUAL	0	928	6	1	5	0
QUAL	0	929	3	0	3	0
QUAL	0	930	3	2	1	0
QUAL	0	931	1	1	0	1
QUAL	0	932	4	3	1	0
QUAL	0	933	3	2	1	0
QUAL	0	934	6	3	3	0
QUAL	0	935	5	3	2	0
QUAL	0	936	1	0	1	0
QUAL	0	937	7	2	5	0
QUAL	0	938	4	2	2	0
QUAL	0	939	3	3	0	0
QUAL	0	940	9	5	4	1
QUAL	0	941	6	3	3	0
QUAL	0	942	3	2	1	0
QUAL	0	943	8	3	5	0
QUAL	0	944	3	3	0	0
QUAL	0	945	7	4	3	0
QUAL	0	946	3	1	2	0
QUAL	0	947	3	3	0	0
QUAL	0	948	2	0	2	0
QUAL	0	949	5	4	1	0
QUAL	0	950	8	6	2	0
QUAL	0	951	5	1	4	0
QUAL	0	952	2	1	1	1
QUAL	0	953	3	1	2	0
QUAL	0	954	4	1	3	0
QUAL	0	955	5	2	3	1
QUAL	0	956	1	1	0	0
QUAL	0	957	2	0	2	1
QUAL	0	958	0	0	0	1
QUAL	0	960	3	2	1	0
QUAL	0	961	1	0	1	0
QUAL	0	962	2	1	1	0
QUAL	0	963	2	2	0	0
QUAL	0	964	1	1	0	0
QUAL	0	965	2	0	2	0
QUAL	0	966	2	1	1	0
QUAL	0	967	1	0	1	0
QUAL	0	968	2	1	1	0
QUAL	0	969	3	2	1	0
QUAL	0	970	2	0	2	0
QUAL	0	971	3	2	1	0
QUAL	0	972	5	3	2	0
QUAL	0	973	5	3	2	0
QUAL	0	974	3	0	3	0
QUAL	0	975	4	1	3	0
QUAL	0	976	2	2	0	0
QUAL	0	977	1	0	1	0
QUAL	0	978	4	2	2	0
QUAL	0	979	3	2	1	0
QUAL	0	980	3	0	3	0
QUAL	0	982	6	2	4	0
QUAL	0	983	4	2	2	0
QUAL	0	984	4	2	2	0
QUAL	0	985	6	3	3	0
QUAL	0	986	5	2	3	1
QUAL	0	987	2	1	1	0
QUAL	0	988	2	1	1	0
QUAL	0	989	3	2	1	0
QUAL	0	990	2	2	0	0
QUAL	0	991	1	0	1	0
QUAL	0	992	4	3	1	0
QUAL	0	993	4	1	3	0
QUAL	0	994	2	1	1	0
QUAL	0	995	5	3	2	0
QUAL	0	996	4	3	1	0
QUAL	0	997	3	1	2	0
QUAL	0	998	2094	984	1110	123
