# DP, Depth distribution
# DP	[2]id	[3]bin	[4]number of genotypes	[5]fraction of genotypes (%)	[6]number of sites	[7]fraction of sites (%)
DP	0	0	141655	0.625610	0	0.000000
DP	0	1	210086	0.927830	35968	0.473406
DP	0	2	179243	0.791614	32320	0.425391
DP	0	3	149191	0.658892	23192	0.305250
DP	0	4	165899	0.732681	17460	0.229806
DP	0	5	156708	0.692090	15265	0.200916
DP	0	6	161593	0.713664	13733	0.180752
DP	0	7	207368	0.915826	12439	0.163720
DP	0	8	221634	0.978831	12044	0.158521
DP	0	9	244639	1.080431	11444	0.150624
DP	0	10	333453	1.472672	10990	0.144649
DP	0	11	382323	1.688503	11072	0.145728
DP	0	12	423289	1.869427	10691	0.140713
DP	0	13	476495	2.104407	10549	0.138844
DP	0	14	672186	2.968663	10406	0.136962
DP	0	15	811097	3.582154	10347	0.136186
DP	0	16	878832	3.881301	10588	0.139358
DP	0	17	935252	4.130476	10391	0.136765
DP	0	18	989069	4.368155	10466	0.137752
DP	0	19	997448	4.405160	10428	0.137252
DP	0	20	1239736	5.475208	10651	0.140187
DP	0	21	1442283	6.369743	10683	0.140608
DP	0	22	1406367	6.211123	10932	0.143885
DP	0	23	1288184	5.689176	11397	0.150006
DP	0	24	1159845	5.122375	11715	0.154191
DP	0	25	987297	4.360329	12616	0.166050
DP	0	26	856149	3.781123	13209	0.173855
DP	0	27	869285	3.839137	13640	0.179528
DP	0	28	885236	3.909584	14649	0.192808
DP	0	29	772218	3.410447	15618	0.205562
DP	0	30	614135	2.712285	16378	0.215565
DP	0	31	467286	2.063736	17564	0.231175
DP	0	32	335225	1.480498	18467	0.243060
DP	0	33	252342	1.114451	19458	0.256104
DP	0	34	199934	0.882995	20802	0.273793
DP	0	35	156828	0.692620	22468	0.295721
DP	0	36	123979	0.547545	23465	0.308843
DP	0	37	97372	0.430037	24999	0.329033
DP	0	38	78576	0.347025	26516	0.349000
DP	0	39	63614	0.280947	28485	0.374916
DP	0	40	51608	0.227923	29934	0.393987
DP	0	41	41844	0.184801	32698	0.430367
DP	0	42	34746	0.153453	35064	0.461508
DP	0	43	29699	0.131164	38194	0.502704
DP	0	44	25985	0.114761	40851	0.537675
DP	0	45	22735	0.100408	44684	0.588125
DP	0	46	20505	0.090559	48536	0.638824
DP	0	47	18186	0.080317	53064	0.698421
DP	0	48	16672	0.073631	58581	0.771035
DP	0	49	15008	0.066282	63361	0.833949
DP	0	50	13710	0.060549	69184	0.910590
DP	0	51	12709	0.056128	76024	1.000617
DP	0	52	11698	0.051663	83482	1.098779
DP	0	53	10872	0.048015	91255	1.201086
DP	0	54	9919	0.043807	99411	1.308434
DP	0	55	9056	0.039995	107262	1.411768
DP	0	56	8691	0.038383	116249	1.530053
DP	0	57	7820	0.034536	125393	1.650405
DP	0	58	7410	0.032726	133953	1.763071
DP	0	59	7269	0.032103	142696	1.878145
DP	0	60	6816	0.030102	152403	2.005907
DP	0	61	6367	0.028119	160483	2.112255
DP	0	62	6040	0.026675	168989	2.224210
DP	0	63	5921	0.026150	175122	2.304932
DP	0	64	5765	0.025461	182659	2.404133
DP	0	65	5485	0.024224	188444	2.480274
DP	0	66	5348	0.023619	193635	2.548597
DP	0	67	5161	0.022793	197065	2.593742
DP	0	68	4933	0.021786	199349	2.623804
DP	0	69	4588	0.020263	201542	2.652668
DP	0	70	4401	0.019437	201156	2.647588
DP	0	71	4349	0.019207	200782	2.642665
DP	0	72	4058	0.017922	197901	2.604746
DP	0	73	3973	0.017546	194557	2.560732
DP	0	74	3748	0.016553	190544	2.507914
DP	0	75	3733	0.016487	185111	2.436406
DP	0	76	3578	0.015802	178656	2.351446
DP	0	77	3573	0.015780	172077	2.264854
DP	0	78	3352	0.014804	164072	2.159493
DP	0	79	3362	0.014848	155691	2.049184
DP	0	80	3291	0.014534	146736	1.931319
DP	0	81	3201	0.014137	138755	1.826274
DP	0	82	2887	0.012750	129591	1.705659
DP	0	83	2860	0.012631	120919	1.591519
DP	0	84	2823	0.012468	112728	1.483710
DP	0	85	2728	0.012048	102680	1.351460
DP	0	86	2627	0.011602	94129	1.238913
DP	0	87	2536	0.011200	86350	1.136527
DP	0	88	2539	0.011213	78517	1.033430
DP	0	89	2381	0.010516	71195	0.937059
DP	0	90	2406	0.010626	64340	0.846834
DP	0	91	2261	0.009986	57986	0.763204
DP	0	92	2246	0.009919	51988	0.684259
DP	0	93	2148	0.009486	46278	0.609105
DP	0	94	2088	0.009222	41635	0.547994
DP	0	95	2117	0.009350	36860	0.485146
DP	0	96	2050	0.009054	32573	0.428721
DP	0	97	1952	0.008621	28865	0.379917
DP	0	98	1891	0.008351	25685	0.338062
DP	0	99	1869	0.008254	22604	0.297511
DP	0	100	1854	0.008188	20108	0.264659
DP	0	101	1751	0.007733	17663	0.232478
DP	0	102	1671	0.007380	15540	0.204535
DP	0	103	1645	0.007265	13695	0.180252
DP	0	104	1665	0.007353	12444	0.163786
DP	0	105	1624	0.007172	11003	0.144820
DP	0	106	1573	0.006947	9697	0.127631
DP	0	107	1493	0.006594	8677	0.114205
DP	0	108	1447	0.006391	7681	0.101096
DP	0	109	1475	0.006514	6873	0.090461
DP	0	110	1432	0.006324	6156	0.081024
DP	0	111	1358	0.005998	5527	0.072746
DP	0	112	1383	0.006108	5009	0.065928
DP	0	113	1350	0.005962	4603	0.060584
DP	0	114	1249	0.005516	4184	0.055069
DP	0	115	1228	0.005423	3800	0.050015
DP	0	116	1177	0.005198	3553	0.046764
DP	0	117	1199	0.005295	3234	0.042565
DP	0	118	1112	0.004911	3078	0.040512
DP	0	119	1144	0.005052	2888	0.038011
DP	0	120	1096	0.004840	2790	0.036722
DP	0	121	1115	0.004924	2583	0.033997
DP	0	122	1100	0.004858	2359	0.031049
DP	0	123	1073	0.004739	2322	0.030562
DP	0	124	959	0.004235	2166	0.028509
DP	0	125	917	0.004050	2107	0.027732
DP	0	126	1008	0.004452	2085	0.027442
DP	0	127	918	0.004054	1870	0.024613
DP	0	128	938	0.004143	1964	0.025850
DP	0	129	928	0.004098	1870	0.024613
DP	0	130	845	0.003732	1759	0.023152
DP	0	131	906	0.004001	1729	0.022757
DP	0	132	872	0.003851	1680	0.022112
DP	0	133	805	0.003555	1629	0.021441
DP	0	134	784	0.003462	1671	0.021993
DP	0	135	806	0.003560	1635	0.021520
DP	0	136	751	0.003317	1546	0.020348
DP	0	137	790	0.003489	1472	0.019374
DP	0	138	700	0.003092	1524	0.020059
DP	0	139	737	0.003255	1442	0.018979
DP	0	140	673	0.002972	1444	0.019006
DP	0	141	754	0.003330	1386	0.018242
DP	0	142	658	0.002906	1325	0.017439
DP	0	143	688	0.003039	1407	0.018519
DP	0	144	668	0.002950	1378	0.018137
DP	0	145	668	0.002950	1275	0.016781
DP	0	146	653	0.002884	1312	0.017268
DP	0	147	606	0.002676	1277	0.016808
DP	0	148	602	0.002659	1199	0.015781
DP	0	149	551	0.002433	1215	0.015992
DP	0	150	533	0.002354	1225	0.016123
DP	0	151	555	0.002451	1246	0.016400
DP	0	152	547	0.002416	1159	0.015255
DP	0	153	534	0.002358	1154	0.015189
DP	0	154	520	0.002297	1148	0.015110
DP	0	155	479	0.002115	1110	0.014610
DP	0	156	494	0.002182	1114	0.014662
DP	0	157	440	0.001943	1118	0.014715
DP	0	158	458	0.002023	1097	0.014439
DP	0	159	435	0.001921	1091	0.014360
DP	0	160	441	0.001948	1059	0.013938
DP	0	161	397	0.001753	1059	0.013938
DP	0	162	447	0.001974	975	0.012833
DP	0	163	399	0.001762	1029	0.013544
DP	0	164	386	0.001705	961	0.012649
DP	0	165	372	0.001643	997	0.013122
DP	0	166	358	0.001581	990	0.013030
DP	0	167	413	0.001824	941	0.012385
DP	0	168	391	0.001727	924	0.012162
DP	0	169	354	0.001563	974	0.012820
DP	0	170	324	0.001431	931	0.012254
DP	0	171	347	0.001533	896	0.011793
DP	0	172	339	0.001497	931	0.012254
DP	0	173	331	0.001462	906	0.011925
DP	0	174	325	0.001435	849	0.011174
DP	0	175	336	0.001484	923	0.012148
DP	0	176	281	0.001241	843	0.011095
DP	0	177	315	0.001391	891	0.011727
DP	0	178	308	0.001360	832	0.010951
DP	0	179	298	0.001316	846	0.011135
DP	0	180	278	0.001228	768	0.010108
DP	0	181	274	0.001210	793	0.010437
DP	0	182	282	0.001245	761	0.010016
DP	0	183	262	0.001157	764	0.010056
DP	0	184	256	0.001131	760	0.010003
DP	0	185	272	0.001201	805	0.010595
DP	0	186	267	0.001179	777	0.010227
DP	0	187	224	0.000989	791	0.010411
DP	0	188	282	0.001245	764	0.010056
DP	0	189	243	0.001073	750	0.009871
DP	0	190	267	0.001179	705	0.009279
DP	0	191	250	0.001104	743	0.009779
DP	0	192	220	0.000972	723	0.009516
DP	0	193	229	0.001011	752	0.009898
DP	0	194	205	0.000905	663	0.008726
DP	0	195	215	0.000950	680	0.008950
DP	0	196	201	0.000888	690	0.009082
DP	0	197	197	0.000870	615	0.008095
DP	0	198	168	0.000742	682	0.008976
DP	0	199	211	0.000932	667	0.008779
DP	0	200	171	0.000755	665	0.008753
DP	0	201	154	0.000680	615	0.008095
DP	0	202	184	0.000813	622	0.008187
DP	0	203	176	0.000777	581	0.007647
DP	0	204	210	0.000927	628	0.008266
DP	0	205	161	0.000711	585	0.007700
DP	0	206	157	0.000693	560	0.007371
DP	0	207	177	0.000782	575	0.007568
DP	0	208	150	0.000662	564	0.007423
DP	0	209	184	0.000813	560	0.007371
DP	0	210	152	0.000671	566	0.007450
DP	0	211	158	0.000698	582	0.007660
DP	0	212	146	0.000645	520	0.006844
DP	0	213	169	0.000746	538	0.007081
DP	0	214	134	0.000592	532	0.007002
DP	0	215	163	0.000720	489	0.006436
DP	0	216	125	0.000552	521	0.006857
DP	0	217	152	0.000671	509	0.006699
DP	0	218	129	0.000570	482	0.006344
DP	0	219	130	0.000574	484	0.006370
DP	0	220	158	0.000698	433	0.005699
DP	0	221	148	0.000654	473	0.006226
DP	0	222	112	0.000495	465	0.006120
DP	0	223	123	0.000543	480	0.006318
DP	0	224	132	0.000583	494	0.006502
DP	0	225	138	0.000609	436	0.005739
DP	0	226	119	0.000526	476	0.006265
DP	0	227	123	0.000543	474	0.006239
DP	0	228	112	0.000495	460	0.006054
DP	0	229	119	0.000526	427	0.005620
DP	0	230	125	0.000552	444	0.005844
DP	0	231	124	0.000548	412	0.005423
DP	0	232	124	0.000548	395	0.005199
DP	0	233	114	0.000503	360	0.004738
DP	0	234	117	0.000517	394	0.005186
DP	0	235	115	0.000508	387	0.005094
DP	0	236	116	0.000512	367	0.004830
DP	0	237	112	0.000495	383	0.005041
DP	0	238	111	0.000490	382	0.005028
DP	0	239	84	0.000371	378	0.004975
DP	0	240	99	0.000437	381	0.005015
DP	0	241	102	0.000450	384	0.005054
DP	0	242	116	0.000512	372	0.004896
DP	0	243	95	0.000420	350	0.004607
DP	0	244	90	0.000397	353	0.004646
DP	0	245	93	0.000411	350	0.004607
DP	0	246	79	0.000349	310	0.004080
DP	0	247	82	0.000362	333	0.004383
DP	0	248	106	0.000468	309	0.004067
DP	0	249	93	0.000411	358	0.004712
DP	0	250	96	0.000424	324	0.004264
DP	0	251	94	0.000415	336	0.004422
DP	0	252	94	0.000415	338	0.004449
DP	0	253	89	0.000393	300	0.003949
DP	0	254	91	0.000402	325	0.004278
DP	0	255	95	0.000420	311	0.004093
DP	0	256	95	0.000420	291	0.003830
DP	0	257	98	0.000433	373	0.004909
DP	0	258	73	0.000322	280	0.003685
DP	0	259	96	0.000424	307	0.004041
DP	0	260	109	0.000481	282	0.003712
DP	0	261	84	0.000371	298	0.003922
DP	0	262	80	0.000353	293	0.003856
DP	0	263	97	0.000428	252	0.003317
DP	0	264	85	0.000375	295	0.003883
DP	0	265	87	0.000384	294	0.003870
DP	0	266	96	0.000424	304	0.004001
DP	0	267	82	0.000362	298	0.003922
DP	0	268	78	0.000344	243	0.003198
DP	0	269	77	0.000340	259	0.003409
DP	0	270	63	0.000278	276	0.003633
DP	0	271	80	0.000353	287	0.003777
DP	0	272	92	0.000406	261	0.003435
DP	0	273	72	0.000318	277	0.003646
DP	0	274	83	0.000367	300	0.003949
DP	0	275	77	0.000340	259	0.003409
DP	0	276	60	0.000265	271	0.003567
DP	0	277	80	0.000353	261	0.003435
DP	0	278	67	0.000296	264	0.003475
DP	0	279	64	0.000283	268	0.003527
DP	0	280	70	0.000309	280	0.003685
DP	0	281	69	0.000305	268	0.003527
DP	0	282	80	0.000353	257	0.003383
DP	0	283	73	0.000322	251	0.003304
DP	0	284	78	0.000344	229	0.003014
DP	0	285	51	0.000225	276	0.003633
DP	0	286	84	0.000371	270	0.003554
DP	0	287	75	0.000331	257	0.003383
DP	0	288	90	0.000397	247	0.003251
DP	0	289	70	0.000309	247	0.003251
DP	0	290	63	0.000278	272	0.003580
DP	0	291	72	0.000318	244	0.003211
DP	0	292	75	0.000331	238	0.003133
DP	0	293	59	0.000261	249	0.003277
DP	0	294	63	0.000278	237	0.003119
DP	0	295	55	0.000243	226	0.002975
DP	0	296	73	0.000322	205	0.002698
DP	0	297	66	0.000291	222	0.002922
DP	0	298	59	0.000261	255	0.003356
DP	0	299	55	0.000243	211	0.002777
DP	0	300	64	0.000283	203	0.002672
DP	0	301	70	0.000309	211	0.002777
DP	0	302	74	0.000327	228	0.003001
DP	0	303	52	0.000230	189	0.002488
DP	0	304	64	0.000283	209	0.002751
DP	0	305	58	0.000256	199	0.002619
DP	0	306	45	0.000199	219	0.002882
DP	0	307	41	0.000181	209	0.002751
DP	0	308	67	0.000296	189	0.002488
DP	0	309	57	0.000252	203	0.002672
DP	0	310	61	0.000269	239	0.003146
DP	0	311	70	0.000309	195	0.002567
DP	0	312	57	0.000252	193	0.002540
DP	0	313	53	0.000234	195	0.002567
DP	0	314	68	0.000300	176	0.002316
DP	0	315	67	0.000296	167	0.002198
DP	0	316	53	0.000234	179	0.002356
DP	0	317	67	0.000296	165	0.002172
DP	0	318	57	0.000252	188	0.002474
DP	0	319	56	0.000247	186	0.002448
DP	0	320	57	0.000252	167	0.002198
DP	0	321	49	0.000216	181	0.002382
DP	0	322	67	0.000296	186	0.002448
DP	0	323	63	0.000278	160	0.002106
DP	0	324	52	0.000230	169	0.002224
DP	0	325	72	0.000318	166	0.002185
DP	0	326	56	0.000247	152	0.002001
DP	0	327	58	0.000256	184	0.002422
DP	0	328	53	0.000234	148	0.001948
DP	0	329	60	0.000265	167	0.002198
DP	0	330	37	0.000163	166	0.002185
DP	0	331	38	0.000168	165	0.002172
DP	0	332	57	0.000252	178	0.002343
DP	0	333	48	0.000212	200	0.002632
DP	0	334	49	0.000216	180	0.002369
DP	0	335	59	0.000261	164	0.002159
DP	0	336	58	0.000256	162	0.002132
DP	0	337	55	0.000243	148	0.001948
DP	0	338	61	0.000269	173	0.002277
DP	0	339	53	0.000234	202	0.002659
DP	0	340	52	0.000230	163	0.002145
DP	0	341	55	0.000243	174	0.002290
DP	0	342	57	0.000252	159	0.002093
DP	0	343	47	0.000208	158	0.002080
DP	0	344	52	0.000230	165	0.002172
DP	0	345	29	0.000128	145	0.001908
DP	0	346	56	0.000247	162	0.002132
DP	0	347	47	0.000208	153	0.002014
DP	0	348	52	0.000230	164	0.002159
DP	0	349	47	0.000208	192	0.002527
DP	0	350	57	0.000252	163	0.002145
DP	0	351	51	0.000225	202	0.002659
DP	0	352	31	0.000137	174	0.002290
DP	0	353	53	0.000234	151	0.001987
DP	0	354	64	0.000283	137	0.001803
DP	0	355	40	0.000177	139	0.001829
DP	0	356	48	0.000212	133	0.001751
DP	0	357	56	0.000247	145	0.001908
DP	0	358	47	0.000208	154	0.002027
DP	0	359	41	0.000181	141	0.001856
DP	0	360	54	0.000238	147	0.001935
DP	0	361	46	0.000203	157	0.002066
DP	0	362	41	0.000181	138	0.001816
DP	0	363	51	0.000225	141	0.001856
DP	0	364	30	0.000132	161	0.002119
DP	0	365	56	0.000247	140	0.001843
DP	0	366	56	0.000247	132	0.001737
DP	0	367	36	0.000159	145	0.001908
DP	0	368	44	0.000194	146	0.001922
DP	0	369	46	0.000203	126	0.001658
DP	0	370	36	0.000159	128	0.001685
DP	0	371	40	0.000177	136	0.001790
DP	0	372	43	0.000190	134	0.001764
DP	0	373	37	0.000163	138	0.001816
DP	0	374	43	0.000190	115	0.001514
DP	0	375	47	0.000208	134	0.001764
DP	0	376	51	0.000225	126	0.001658
DP	0	377	41	0.000181	119	0.001566
DP	0	378	57	0.000252	118	0.001553
DP	0	379	52	0.000230	129	0.001698
DP	0	380	46	0.000203	119	0.001566
DP	0	381	45	0.000199	166	0.002185
DP	0	382	59	0.000261	119	0.001566
DP	0	383	52	0.000230	126	0.001658
DP	0	384	43	0.000190	117	0.001540
DP	0	385	53	0.000234	131	0.001724
DP	0	386	42	0.000185	121	0.001593
DP	0	387	59	0.000261	139	0.001829
DP	0	388	53	0.000234	120	0.001579
DP	0	389	52	0.000230	131	0.001724
DP	0	390	57	0.000252	108	0.001421
DP	0	391	59	0.000261	124	0.001632
DP	0	392	30	0.000132	145	0.001908
DP	0	393	56	0.000247	132	0.001737
DP	0	394	58	0.000256	123	0.001619
DP	0	395	37	0.000163	111	0.001461
DP	0	396	35	0.000155	131	0.001724
DP	0	397	34	0.000150	118	0.001553
DP	0	398	44	0.000194	115	0.001514
DP	0	399	64	0.000283	107	0.001408
DP	0	400	44	0.000194	105	0.001382
DP	0	401	28	0.000124	110	0.001448
DP	0	402	33	0.000146	135	0.001777
DP	0	403	44	0.000194	111	0.001461
DP	0	404	49	0.000216	113	0.001487
DP	0	405	36	0.000159	117	0.001540
DP	0	406	59	0.000261	116	0.001527
DP	0	407	32	0.000141	108	0.001421
DP	0	408	53	0.000234	135	0.001777
DP	0	409	39	0.000172	98	0.001290
DP	0	410	44	0.000194	102	0.001343
DP	0	411	38	0.000168	106	0.001395
DP	0	412	47	0.000208	94	0.001237
DP	0	413	43	0.000190	112	0.001474
DP	0	414	39	0.000172	115	0.001514
DP	0	415	38	0.000168	114	0.001500
DP	0	416	45	0.000199	103	0.001356
DP	0	417	35	0.000155	119	0.001566
DP	0	418	50	0.000221	114	0.001500
DP	0	419	46	0.000203	104	0.001369
DP	0	420	57	0.000252	92	0.001211
DP	0	421	39	0.000172	89	0.001171
DP	0	422	38	0.000168	99	0.001303
DP	0	423	34	0.000150	94	0.001237
DP	0	424	49	0.000216	86	0.001132
DP	0	425	36	0.000159	106	0.001395
DP	0	426	46	0.000203	91	0.001198
DP	0	427	43	0.000190	93	0.001224
DP	0	428	43	0.000190	79	0.001040
DP	0	429	55	0.000243	91	0.001198
DP	0	430	33	0.000146	93	0.001224
DP	0	431	34	0.000150	96	0.001264
DP	0	432	40	0.000177	103	0.001356
DP	0	433	47	0.000208	93	0.001224
DP	0	434	46	0.000203	98	0.001290
DP	0	435	44	0.000194	81	0.001066
DP	0	436	40	0.000177	87	0.001145
DP	0	437	45	0.000199	78	0.001027
DP	0	438	36	0.000159	84	0.001106
DP	0	439	45	0.000199	101	0.001329
DP	0	440	32	0.000141	83	0.001092
DP	0	441	31	0.000137	93	0.001224
DP	0	442	46	0.000203	88	0.001158
DP	0	443	39	0.000172	89	0.001171
DP	0	444	41	0.000181	75	0.000987
DP	0	445	46	0.000203	86	0.001132
DP	0	446	41	0.000181	84	0.001106
DP	0	447	45	0.000199	59	0.000777
DP	0	448	37	0.000163	87	0.001145
DP	0	449	29	0.000128	90	0.001185
DP	0	450	34	0.000150	73	0.000961
DP	0	451	44	0.000194	82	0.001079
DP	0	452	36	0.000159	62	0.000816
DP	0	453	42	0.000185	66	0.000869
DP	0	454	44	0.000194	59	0.000777
DP	0	455	33	0.000146	85	0.001119
DP	0	456	34	0.000150	75	0.000987
DP	0	457	36	0.000159	78	0.001027
DP	0	458	36	0.000159	63	0.000829
DP	0	459	31	0.000137	72	0.000948
DP	0	460	36	0.000159	51	0.000671
DP	0	461	34	0.000150	63	0.000829
DP	0	462	25	0.000110	78	0.001027
DP	0	463	28	0.000124	75	0.000987
DP	0	464	29	0.000128	64	0.000842
DP	0	465	37	0.000163	62	0.000816
DP	0	466	34	0.000150	64	0.000842
DP	0	467	23	0.000102	65	0.000856
DP	0	468	35	0.000155	64	0.000842
DP	0	469	38	0.000168	67	0.000882
DP	0	470	31	0.000137	77	0.001013
DP	0	471	26	0.000115	58	0.000763
DP	0	472	35	0.000155	69	0.000908
DP	0	473	31	0.000137	69	0.000908
DP	0	474	34	0.000150	62	0.000816
DP	0	475	32	0.000141	62	0.000816
DP	0	476	14	0.000062	43	0.000566
DP	0	477	26	0.000115	60	0.000790
DP	0	478	35	0.000155	67	0.000882
DP	0	479	28	0.000124	52	0.000684
DP	0	480	34	0.000150	56	0.000737
DP	0	481	20	0.000088	53	0.000698
DP	0	482	24	0.000106	54	0.000711
DP	0	483	18	0.000079	50	0.000658
DP	0	484	21	0.000093	51	0.000671
DP	0	485	33	0.000146	51	0.000671
DP	0	486	25	0.000110	50	0.000658
DP	0	487	25	0.000110	69	0.000908
DP	0	488	20	0.000088	45	0.000592
DP	0	489	21	0.000093	55	0.000724
DP	0	490	22	0.000097	48	0.000632
DP	0	491	33	0.000146	61	0.000803
DP	0	492	21	0.000093	65	0.000856
DP	0	493	25	0.000110	50	0.000658
DP	0	494	12	0.000053	54	0.000711
DP	0	495	14	0.000062	59	0.000777
DP	0	496	18	0.000079	46	0.000605
DP	0	497	21	0.000093	57	0.000750
DP	0	498	28	0.000124	46	0.000605
DP	0	499	18	0.000079	54	0.000711
DP	0	500	12	0.000053	50	0.000658
DP	0	>500	242	0.001069	11347	0.149348
